<<<<<<< HEAD
11
=======
5
>>>>>>> 90283f5e5ef4ac84f0bd0a71f0889b00945187bd
3
3
0 1
1 2
2 0
4
5
0 1
1 2
2 3
3 0
<<<<<<< HEAD
1 3
=======
3 1
>>>>>>> 90283f5e5ef4ac84f0bd0a71f0889b00945187bd
5
7
0 1
1 2
2 3
3 4
4 0
<<<<<<< HEAD
4 0
0 0
=======
4 1
4 2
>>>>>>> 90283f5e5ef4ac84f0bd0a71f0889b00945187bd
6
9
0 1
1 2
2 3
3 4
4 5
5 0
5 2
<<<<<<< HEAD
4 0
3 2
=======
1 5
2 5
>>>>>>> 90283f5e5ef4ac84f0bd0a71f0889b00945187bd
7
11
0 1
1 2
2 3
3 4
4 5
5 6
6 0
<<<<<<< HEAD
3 5
3 3
4 2
2 3
8
13
0 1
1 2
2 3
3 4
4 5
5 6
6 7
7 0
3 1
7 3
7 4
5 6
7 7
9
15
0 1
1 2
2 3
3 4
4 5
5 6
6 7
7 8
8 0
0 7
2 4
6 2
1 8
0 1
2 0
10
17
0 1
1 2
2 3
3 4
4 5
5 6
6 7
7 8
8 9
9 0
0 8
1 7
0 5
0 8
7 5
5 3
7 8
11
19
0 1
1 2
2 3
3 4
4 5
5 6
6 7
7 8
8 9
9 10
10 0
8 2
10 2
4 10
8 9
4 10
0 5
3 4
1 6
12
21
0 1
1 2
2 3
3 4
4 5
5 6
6 7
7 8
8 9
9 10
10 11
11 0
3 10
2 3
10 10
9 1
0 0
10 4
3 10
10 5
7 2
13
23
0 1
1 2
2 3
3 4
4 5
5 6
6 7
7 8
8 9
9 10
10 11
11 12
12 0
12 8
3 0
2 5
9 12
2 0
8 7
10 11
1 11
9 3
5 12
=======
1 4
5 0
5 4
2 2
>>>>>>> 90283f5e5ef4ac84f0bd0a71f0889b00945187bd
